513808:   /home/labile/opensource/jdk/build/linux-x86_64-server-slowdebug-hsdis/jdk/bin/java -server -XX:+UseSerialGC -XX:+PreserveFramePointer -Xcomp -XX:-TieredCompilation -XX:-BackgroundCompilation -XX:-UseCompressedOops -XX:+UnlockDiagnosticVMOptions -XX:+PrintAssembly -XX:PrintAssemblyOptions=intel -XX:CompileCommand=dontinline -Xlog:class+load=info -XX:+LogCompilation -XX:LogFile=./round3/mylogfile.log -XX:+DebugNonSafepoints -cp . SimpleObj
         Address Perm   Offset Device    Inode     Size     Rss     Pss Referenced Anonymous LazyFree ShmemPmdMapped FilePmdMapped Shared_Hugetlb Private_Hugetlb Swap SwapPss Locked THPeligible Mapping
        80000000 rw-p 00000000  00:00        0      128     128     128        128       128        0              0             0              0               0    0       0      0           0 
        80020000 rw-p 00000000  00:00        0      128     128     128        128       128        0              0             0              0               0    0       0      0           0 
        80040000 rw-p 00000000  00:00        0      320     312     312        312       312        0              0             0              0               0    0       0      0           0 
        80090000 ---p 00000000  00:00        0      192       0       0          0         0        0              0             0              0               0    0       0      0           0 
        800c0000 rw-p 00000000  00:00        0      128     124     124        124       124        0              0             0              0               0    0       0      0           0 
        800e0000 ---p 00000000  00:00        0  1047680       0       0          0         0        0              0             0              0               0    0       0      0           0 
    555555554000 r--p 00000000  08:22 13632458        4       4       4          4         0        0              0             0              0               0    0       0      0           0 java
    555555555000 r-xp 00001000  08:22 13632458        4       4       4          4         0        0              0             0              0               0    0       0      0           0 java
    555555556000 r--p 00002000  08:22 13632458        4       4       4          4         0        0              0             0              0               0    0       0      0           0 java
    555555557000 r--p 00002000  08:22 13632458        4       4       4          4         4        0              0             0              0               0    0       0      0           0 java
    555555558000 rw-p 00003000  08:22 13632458        4       4       4          4         4        0              0             0              0               0    0       0      0           0 java
    555555559000 rw-p 00000000  00:00        0      280      88      88         88        88        0              0             0              0               0    0       0      0           0 [heap]
    7ffbcc000000 rw-p 00000000  00:00        0      132       4       4          4         4        0              0             0              0               0    0       0      0           0 
    7ffbcc021000 ---p 00000000  00:00        0    65404       0       0          0         0        0              0             0              0               0    0       0      0           0 
    7ffbd4000000 rw-p 00000000  00:00        0    27304   27116   27116      27116     27116        0              0             0              0               0    0       0      0           0 
    7ffbd5aaa000 ---p 00000000  00:00        0    38232       0       0          0         0        0              0             0              0               0    0       0      0           0 
    7ffbd8000000 rw-p 00000000  00:00        0      132     132     132        132       132        0              0             0              0               0    0       0      0           0 
    7ffbd8021000 ---p 00000000  00:00        0    65404       0       0          0         0        0              0             0              0               0    0       0      0           0 
    7ffbdc000000 rw-p 00000000  00:00        0      132       4       4          4         4        0              0             0              0               0    0       0      0           0 
    7ffbdc021000 ---p 00000000  00:00        0    65404       0       0          0         0        0              0             0              0               0    0       0      0           0 
    7ffbe0000000 rw-p 00000000  00:00        0      132       4       4          4         4        0              0             0              0               0    0       0      0           0 
    7ffbe0021000 ---p 00000000  00:00        0    65404       0       0          0         0        0              0             0              0               0    0       0      0           0 
    7ffbe4000000 rw-p 00000000  00:00        0      132       8       8          8         8        0              0             0              0               0    0       0      0           0 
    7ffbe4021000 ---p 00000000  00:00        0    65404       0       0          0         0        0              0             0              0               0    0       0      0           0 
    7ffbe8000000 rw-p 00000000  00:00        0      132       4       4          4         4        0              0             0              0               0    0       0      0           0 
    7ffbe8021000 ---p 00000000  00:00        0    65404       0       0          0         0        0              0             0              0               0    0       0      0           0 
    7ffbec000000 rw-p 00000000  00:00        0      132       8       8          8         8        0              0             0              0               0    0       0      0           0 
    7ffbec021000 ---p 00000000  00:00        0    65404       0       0          0         0        0              0             0              0               0    0       0      0           0 
    7ffbf0000000 rw-p 00000000  00:00        0      132       8       8          8         8        0              0             0              0               0    0       0      0           0 
    7ffbf0021000 ---p 00000000  00:00        0    65404       0       0          0         0        0              0             0              0               0    0       0      0           0 
    7ffbf4000000 rw-p 00000000  00:00        0     6144    6144    6144       6144      6144        0              0             0              0               0    0       0      0           0 
    7ffbf4600000 rw-p 00000000  00:00        0      256     256     256        256       256        0              0             0              0               0    0       0      0           0 
    7ffbf4640000 rw-p 00000000  00:00        0      256     256     256        256       256        0              0             0              0               0    0       0      0           0 
    7ffbf4680000 rw-p 00000000  00:00        0      512     512     512        512       512        0              0             0              0               0    0       0      0           0 
    7ffbf4700000 rw-p 00000000  00:00        0     1664    1648    1648       1648      1648        0              0             0              0               0    0       0      0           0 
    7ffbf48a0000 ---p 00000000  00:00        0      384       0       0          0         0        0              0             0              0               0    0       0      0           0 
    7ffbf4900000 rw-p 00000000  00:00        0      128     104     104        104       104        0              0             0              0               0    0       0      0           0 
    7ffbf4920000 ---p 00000000  00:00        0    56192       0       0          0         0        0              0             0              0               0    0       0      0           0 
    7ffbf8000000 rw-p 00000000  00:00        0      132       4       4          4         4        0              0             0              0               0    0       0      0           0 
    7ffbf8021000 ---p 00000000  00:00        0    65404       0       0          0         0        0              0             0              0               0    0       0      0           0 
    7ffbfd5d7000 ---p 00000000  00:00        0       16       0       0          0         0        0              0             0              0               0    0       0      0           0 
    7ffbfd5db000 rw-p 00000000  00:00        0     1008       8       8          8         8        0              0             0              0               0    0       0      0           0 
    7ffbfd6d7000 ---p 00000000  00:00        0       16       0       0          0         0        0              0             0              0               0    0       0      0           0 
    7ffbfd6db000 rw-p 00000000  00:00        0    23200   22300   22300      22300     22300        0              0             0              0               0    0       0      0           0 
    7ffbfed83000 r--p 00000000  08:22 13507386      416     416     416        416         0        0              0             0              0               0    0       0      0           0 hsdis-amd64.so
    7ffbfedeb000 r-xp 00068000  08:22 13507386     1156     192     192        192         0        0              0             0              0               0    0       0      0           0 hsdis-amd64.so
    7ffbfef0c000 r--p 00189000  08:22 13507386      276     208     208        208         0        0              0             0              0               0    0       0      0           0 hsdis-amd64.so
    7ffbfef51000 r--p 001cd000  08:22 13507386      648     556     556        556       540        0              0             0              0               0    0       0      0           0 hsdis-amd64.so
    7ffbfeff3000 rw-p 0026f000  08:22 13507386       12      12      12         12        12        0              0             0              0               0    0       0      0           0 hsdis-amd64.so
    7ffbfeff6000 r--p 00000000  08:22 13554271       16      16      16         16         0        0              0             0              0               0    0       0      0           0 libjsvml.so
    7ffbfeffa000 r-xp 00004000  08:22 13554271      260      24      24         24         0        0              0             0              0               0    0       0      0           0 libjsvml.so
    7ffbff03b000 r--p 00045000  08:22 13554271      548       0       0          0         0        0              0             0              0               0    0       0      0           0 libjsvml.so
    7ffbff0c4000 r--p 000cd000  08:22 13554271        4       4       4          4         4        0              0             0              0               0    0       0      0           0 libjsvml.so
    7ffbff0c5000 rw-p 000ce000  08:22 13554271        4       4       4          4         4        0              0             0              0               0    0       0      0           0 libjsvml.so
    7ffbff0c6000 ---p 00000000  00:00        0       16       0       0          0         0        0              0             0              0               0    0       0      0           0 
    7ffbff0ca000 rw-p 00000000  00:00        0     2348      40      40         40        40        0              0             0              0               0    0       0      0           0 
    7ffbff315000 ---p 00000000  00:00        0    20052       0       0          0         0        0              0             0              0               0    0       0      0           0 
    7ffc006aa000 rw-p 00000000  00:00        0      672     672     672        672       672        0              0             0              0               0    0       0      0           0 
    7ffc00752000 ---p 00000000  00:00        0    10020       0       0          0         0        0              0             0              0               0    0       0      0           0 
    7ffc0111b000 rw-p 00000000  00:00        0     1344    1344    1344       1344      1344        0              0             0              0               0    0       0      0           0 
    7ffc0126b000 ---p 00000000  00:00        0    20052       0       0          0         0        0              0             0              0               0    0       0      0           0 
    7ffc02600000 rw-p 00000000  00:00        0   342656  342656  342656     342656    342656        0              0             0              0               0    0       0      0           0 
    7ffc174a0000 ---p 00000000  00:00        0  5132992       0       0          0         0        0              0             0              0               0    0       0      0           0 
    7ffd50950000 rw-p 00000000  00:00        0   685440  685440  685440     685440    685440        0              0             0              0               0    0       0      0           0 
    7ffd7a6b0000 ---p 00000000  00:00        0 10265920       0       0          0         0        0              0             0              0               0    0       0      0           0 
    7fffed000000 rwxp 00000000  00:00        0     7360    7360    7360       7360      7360        0              0             0              0               0    0       0      0           0 
    7fffed730000 ---p 00000000  00:00        0    41792       0       0          0         0        0              0             0              0               0    0       0      0           0 
    7ffff0000000 rw-p 00000000  00:00        0     3300    3236    3236       3236      3236        0              0             0              0               0    0       0      0           0 
    7ffff0339000 ---p 00000000  00:00        0    62236       0       0          0         0        0              0             0              0               0    0       0      0           0 
    7ffff4024000 r--p 00000000  08:22 13554254       24      24      24         24         0        0              0             0              0               0    0       0      0           0 libnio.so
    7ffff402a000 r-xp 00006000  08:22 13554254       48      48      48         48         0        0              0             0              0               0    0       0      0           0 libnio.so
    7ffff4036000 r--p 00012000  08:22 13554254       12      12      12         12         0        0              0             0              0               0    0       0      0           0 libnio.so
    7ffff4039000 ---p 00015000  08:22 13554254        4       0       0          0         0        0              0             0              0               0    0       0      0           0 libnio.so
    7ffff403a000 r--p 00015000  08:22 13554254        4       4       4          4         4        0              0             0              0               0    0       0      0           0 libnio.so
    7ffff403b000 rw-p 00016000  08:22 13554254        4       4       4          4         4        0              0             0              0               0    0       0      0           0 libnio.so
    7ffff403c000 ---p 00000000  00:00        0       16       0       0          0         0        0              0             0              0               0    0       0      0           0 
    7ffff4040000 rw-p 00000000  00:00        0     1008       8       8          8         8        0              0             0              0               0    0       0      0           0 
    7ffff413c000 ---p 00000000  00:00        0       16       0       0          0         0        0              0             0              0               0    0       0      0           0 
    7ffff4140000 rw-p 00000000  00:00        0     1008       8       8          8         8        0              0             0              0               0    0       0      0           0 
    7ffff423c000 ---p 00000000  00:00        0       16       0       0          0         0        0              0             0              0               0    0       0      0           0 
    7ffff4240000 rw-p 00000000  00:00        0     1008       8       8          8         8        0              0             0              0               0    0       0      0           0 
    7ffff433c000 ---p 00000000  00:00        0       16       0       0          0         0        0              0             0              0               0    0       0      0           0 
    7ffff4340000 rw-p 00000000  00:00        0     1008     108     108        108       108        0              0             0              0               0    0       0      0           0 
    7ffff443c000 ---p 00000000  00:00        0       16       0       0          0         0        0              0             0              0               0    0       0      0           0 
    7ffff4440000 rw-p 00000000  00:00        0     1008     108     108        108       108        0              0             0              0               0    0       0      0           0 
    7ffff453c000 r--p 00000000  08:22  5505927     8672     440       9        440         0        0              0             0              0               0    0       0      0           0 locale-archive
    7ffff4db4000 ---p 00000000  00:00        0        4       0       0          0         0        0              0             0              0               0    0       0      0           0 
    7ffff4db5000 rw-p 00000000  00:00        0     1024      20      20         20        20        0              0             0              0               0    0       0      0           0 
    7ffff4eb5000 ---p 00000000  00:00        0        4       0       0          0         0        0              0             0              0               0    0       0      0           0 
    7ffff4eb6000 rw-p 00000000  00:00        0     2224    1208    1208       1208      1208        0              0             0              0               0    0       0      0           0 
    7ffff50e2000 ---p 00000000  00:00        0      324       0       0          0         0        0              0             0              0               0    0       0      0           0 
    7ffff5133000 r--p 00000000  08:22 13554248       52      52      52         52         0        0              0             0              0               0    0       0      0           0 libjava.so
    7ffff5140000 r-xp 0000d000  08:22 13554248       92      92      92         92         0        0              0             0              0               0    0       0      0           0 libjava.so
    7ffff5157000 r--p 00024000  08:22 13554248       24      24      24         24         0        0              0             0              0               0    0       0      0           0 libjava.so
    7ffff515d000 ---p 0002a000  08:22 13554248        4       0       0          0         0        0              0             0              0               0    0       0      0           0 libjava.so
    7ffff515e000 r--p 0002a000  08:22 13554248        4       4       4          4         4        0              0             0              0               0    0       0      0           0 libjava.so
    7ffff515f000 rw-p 0002b000  08:22 13554248        8       8       8          8         8        0              0             0              0               0    0       0      0           0 libjava.so
    7ffff5161000 r--p 00000000  08:22 13554249       16      16      16         16         0        0              0             0              0               0    0       0      0           0 libjimage.so
    7ffff5165000 r-xp 00004000  08:22 13554249       92      92      92         92         0        0              0             0              0               0    0       0      0           0 libjimage.so
    7ffff517c000 r--p 0001b000  08:22 13554249       28       0       0          0         0        0              0             0              0               0    0       0      0           0 libjimage.so
    7ffff5183000 ---p 00022000  08:22 13554249        4       0       0          0         0        0              0             0              0               0    0       0      0           0 libjimage.so
    7ffff5184000 r--p 00022000  08:22 13554249        8       8       8          8         8        0              0             0              0               0    0       0      0           0 libjimage.so
    7ffff5186000 rw-p 00024000  08:22 13554249        4       4       4          4         4        0              0             0              0               0    0       0      0           0 libjimage.so
    7ffff5187000 ---p 00000000  00:00        0       16       0       0          0         0        0              0             0              0               0    0       0      0           0 
    7ffff518b000 rw-p 00000000  00:00        0     1008     124     124        124       124        0              0             0              0               0    0       0      0           0 
    7ffff5287000 r--p 00000000  08:22  5516030       56      56       0         56         0        0              0             0              0               0    0       0      0           0 libm.so.6
    7ffff5295000 r-xp 0000e000  08:22  5516030      496     340      15        340         0        0              0             0              0               0    0       0      0           0 libm.so.6
    7ffff5311000 r--p 0008a000  08:22  5516030      364     124       6        124         0        0              0             0              0               0    0       0      0           0 libm.so.6
    7ffff536c000 r--p 000e4000  08:22  5516030        4       4       4          4         4        0              0             0              0               0    0       0      0           0 libm.so.6
    7ffff536d000 rw-p 000e5000  08:22  5516030        4       4       4          4         4        0              0             0              0               0    0       0      0           0 libm.so.6
    7ffff536e000 r--p 00000000  08:22 13631493     3448    3448    3448       3448         0        0              0             0              0               0    0       0      0           0 libjvm.so
    7ffff56cc000 r-xp 0035e000  08:22 13631493    21756   20284   20284      20284         0        0              0             0              0               0    0       0      0           0 libjvm.so
    7ffff6c0b000 r--p 0189d000  08:22 13631493    15564    7124    7124       7124         0        0              0             0              0               0    0       0      0           0 libjvm.so
    7ffff7b3e000 r--p 027cf000  08:22 13631493     1032    1032    1032       1032      1032        0              0             0              0               0    0       0      0           0 libjvm.so
    7ffff7c40000 rw-p 028d1000  08:22 13631493      296     296     296        296       296        0              0             0              0               0    0       0      0           0 libjvm.so
    7ffff7c8a000 rw-p 00000000  00:00        0      728     428     428        428       428        0              0             0              0               0    0       0      0           0 
    7ffff7d40000 r--p 00000000  08:22  5505175        8       8       0          8         0        0              0             0              0               0    0       0      0           0 libz.so.1.2.11
    7ffff7d42000 r-xp 00002000  08:22  5505175       68      64       0         64         0        0              0             0              0               0    0       0      0           0 libz.so.1.2.11
    7ffff7d53000 r--p 00013000  08:22  5505175       24       0       0          0         0        0              0             0              0               0    0       0      0           0 libz.so.1.2.11
    7ffff7d59000 ---p 00019000  08:22  5505175        4       0       0          0         0        0              0             0              0               0    0       0      0           0 libz.so.1.2.11
    7ffff7d5a000 r--p 00019000  08:22  5505175        4       4       4          4         4        0              0             0              0               0    0       0      0           0 libz.so.1.2.11
    7ffff7d5b000 rw-p 0001a000  08:22  5505175        4       4       4          4         4        0              0             0              0               0    0       0      0           0 libz.so.1.2.11
    7ffff7d5c000 r--p 00000000  08:22  5515325      160     160       1        160         0        0              0             0              0               0    0       0      0           0 libc.so.6
    7ffff7d84000 r-xp 00028000  08:22  5515325     1620    1252      10       1252         0        0              0             0              0               0    0       0      0           0 libc.so.6
    7ffff7f19000 r--p 001bd000  08:22  5515325      352     152       1        152         0        0              0             0              0               0    0       0      0           0 libc.so.6
    7ffff7f71000 ---p 00215000  08:22  5515325        4       0       0          0         0        0              0             0              0               0    0       0      0           0 libc.so.6
    7ffff7f72000 r--p 00215000  08:22  5515325       16      16      16         16        16        0              0             0              0               0    0       0      0           0 libc.so.6
    7ffff7f76000 rw-p 00219000  08:22  5515325        8       8       8          8         8        0              0             0              0               0    0       0      0           0 libc.so.6
    7ffff7f78000 rw-p 00000000  00:00        0       52      24      24         24        24        0              0             0              0               0    0       0      0           0 
    7ffff7f86000 r--p 00000000  08:22 13554252       12      12      12         12         0        0              0             0              0               0    0       0      0           0 libnet.so
    7ffff7f89000 r-xp 00003000  08:22 13554252       44      44      44         44         0        0              0             0              0               0    0       0      0           0 libnet.so
    7ffff7f94000 r--p 0000e000  08:22 13554252        8       8       8          8         0        0              0             0              0               0    0       0      0           0 libnet.so
    7ffff7f96000 ---p 00010000  08:22 13554252        4       0       0          0         0        0              0             0              0               0    0       0      0           0 libnet.so
    7ffff7f97000 r--p 00010000  08:22 13554252        4       4       4          4         4        0              0             0              0               0    0       0      0           0 libnet.so
    7ffff7f98000 rw-p 00011000  08:22 13554252        4       4       4          4         4        0              0             0              0               0    0       0      0           0 libnet.so
    7ffff7f99000 rw-s 00000000  08:22 23330865       32      32      32         32         0        0              0             0              0               0    0       0      0           0 513808
    7ffff7fa1000 ---p 00000000  00:00        0        4       0       0          0         0        0              0             0              0               0    0       0      0           0 
    7ffff7fa2000 r--p 00000000  00:00        0        4       0       0          0         0        0              0             0              0               0    0       0      0           0 
    7ffff7fa3000 r--p 00000000  08:22 13554253       12      12      12         12         0        0              0             0              0               0    0       0      0           0 libjli.so
    7ffff7fa6000 r-xp 00003000  08:22 13554253       60      60      60         60         0        0              0             0              0               0    0       0      0           0 libjli.so
    7ffff7fb5000 r--p 00012000  08:22 13554253       16      16      16         16         0        0              0             0              0               0    0       0      0           0 libjli.so
    7ffff7fb9000 r--p 00015000  08:22 13554253        4       4       4          4         4        0              0             0              0               0    0       0      0           0 libjli.so
    7ffff7fba000 rw-p 00016000  08:22 13554253        4       4       4          4         4        0              0             0              0               0    0       0      0           0 libjli.so
    7ffff7fbb000 rw-p 00000000  00:00        0        8       8       8          8         8        0              0             0              0               0    0       0      0           0 
    7ffff7fbd000 r--p 00000000  00:00        0       16       0       0          0         0        0              0             0              0               0    0       0      0           0 [vvar]
    7ffff7fc1000 r-xp 00000000  00:00        0        8       4       0          4         0        0              0             0              0               0    0       0      0           0 [vdso]
    7ffff7fc3000 r--p 00000000  08:22  5505364        8       8       0          8         0        0              0             0              0               0    0       0      0           0 ld-linux-x86-64.so.2
    7ffff7fc5000 r-xp 00002000  08:22  5505364      168     168       1        168         0        0              0             0              0               0    0       0      0           0 ld-linux-x86-64.so.2
    7ffff7fef000 r--p 0002c000  08:22  5505364       44      44       0         44         0        0              0             0              0               0    0       0      0           0 ld-linux-x86-64.so.2
    7ffff7ffa000 ---p 00000000  00:00        0        4       0       0          0         0        0              0             0              0               0    0       0      0           0 
    7ffff7ffb000 r--p 00037000  08:22  5505364        8       8       8          8         8        0              0             0              0               0    0       0      0           0 ld-linux-x86-64.so.2
    7ffff7ffd000 rw-p 00039000  08:22  5505364        8       8       8          8         8        0              0             0              0               0    0       0      0           0 ld-linux-x86-64.so.2
    7ffffffdd000 rw-p 00000000  00:00        0      136      36      36         36        36        0              0             0              0               0    0       0      0           0 [stack]
ffffffffff600000 --xp 00000000  00:00        0        4       0       0          0         0        0              0             0              0               0    0       0      0           0 [vsyscall]
                                               ======== ======= ======= ========== ========= ======== ============== ============= ============== =============== ==== ======= ====== =========== 
                                               18459076 1139240 1136463    1139240   1104136        0              0             0              0               0    0       0      0           0 KB 
